#lum-pre, van dijk 2016, quantum yield
280.4256070338481, 0.4995991902312809
281.34515511821786, 0.500289106457272
282.2647032025876, 0.500289106457272
283.1842512869573, 0.500289106457272
284.10379937132706, 0.500289106457272
285.0233474556968, 0.5006030196156787
285.9428955400665, 0.500289106457272
286.86244362443625, 0.500289106457272
287.781991708806, 0.500289106457272
288.7015397931757, 0.500289106457272
289.62108787754545, 0.500289106457272
290.5406359619152, 0.500289106457272
291.4601840462849, 0.5018606431761219
292.37973213065465, 0.500289106457272
293.2992802150244, 0.500289106457272
294.2188282993941, 0.500289106457272
295.13837638376384, 0.500289106457272
296.0579244681336, 0.500289106457272
296.9774725525033, 0.500289106457272
297.89702063687304, 0.500289106457272
298.8165687212428, 0.500289106457272
299.7361168056125, 0.5006030196156787
300.65566488998223, 0.500289106457272
301.575212974352, 0.500289106457272
302.4947610587217, 0.500289106457272
303.41430914309143, 0.500289106457272
304.3338572274612, 0.500289106457272
305.2534053118309, 0.5006030196156787
306.1729533962006, 0.500289106457272
307.0925014805704, 0.500289106457272
308.01204956494007, 0.49335301811315524
308.9315976493098, 0.4940210278770118
309.8511457336796, 0.4972127591568142
310.77069381804927, 0.500289106457272
311.690241902419, 0.500289106457272
312.60978998678877, 0.500289106457272
313.52933807115846, 0.500289106457272
314.4488861555282, 0.500289106457272
315.36843423989797, 0.5017557206496502
316.28798232426766, 0.500289106457272
317.2075304086374, 0.500289106457272
318.12707849300716, 0.500289106457272
319.04662657737686, 0.500289106457272
319.810926283866, 0.4993038031758734
