#pre-tachy, van dijk 2016, quantum yield
280.3420117534509, 0.41239762346341613
281.2615598378206, 0.4095619014364685
282.18110792219034, 0.4095619014364685
283.1006560065601, 0.40802337111563547
284.02020409092984, 0.40674567835654807
284.93975217529953, 0.40700089642728576
285.8593002596693, 0.40674567835654807
286.77884834403903, 0.40674567835654807
287.6983964284087, 0.40674567835654807
288.6179445127785, 0.40674567835654807
289.53749259714823, 0.40674567835654807
290.4570406815179, 0.40674567835654807
291.3765887658877, 0.40674567835654807
292.2961368502574, 0.40674567835654807
293.2156849346271, 0.40674567835654807
294.13523301899687, 0.40674567835654807
295.0547811033666, 0.40674567835654807
295.9743291877363, 0.40674567835654807
296.89387727210607, 0.40420228328957286
297.8134253564758, 0.40066822651610345
298.7329734408455, 0.39582205130514964
299.65252152521526, 0.3826551373518331
300.572069609585, 0.35210054424049014
301.4916176939547, 0.3257517852912239
302.41116577832446, 0.30175310645053094
303.3307138626942, 0.28752494336513973
304.2502619470639, 0.2779488800973657
305.16981003143366, 0.27174268560169756
306.0893581158034, 0.2666768451645118
307.0089062001731, 0.2617054423725498
307.92845428454285, 0.2568267167146101
308.8480023689126, 0.25156509954491046
309.7675504532823, 0.2458965968929333
310.68709853765205, 0.24045635479528185
311.6066466220218, 0.23508731389446536
312.5261947063915, 0.22911843595431433
313.44574279076124, 0.225553501728858
314.365290875131, 0.2222762916807384
315.2848389595007, 0.21672329612582425
316.20438704387044, 0.21601302588420934
317.1448339483395, 0.2103685694538244
318.0086518457777, 0.19972070476494902
318.96303129697964, 0.1900470650369503
319.7153888205549, 0.18743349558021452
