#pre-pro, van Dijk 2016, Quantum Yield
280.4256070338481, 0.015613618272191331
281.34515511821786, 0.01572391538556264
282.2647032025876, 0.015892485077057386
283.1842512869573, 0.016093117491022504
284.10379937132706, 0.01621471067250486
285.0233474556968, 0.016309917949593015
285.9428955400665, 0.016533095588436103
286.86244362443625, 0.0166684653643976
287.781991708806, 0.016783874376377125
288.7015397931757, 0.016974451626581295
289.62108787754545, 0.017091979224250983
290.5406359619152, 0.017199528482236392
291.4601840462849, 0.01713491798994905
292.37973213065465, 0.017156427807692796
293.2992802150244, 0.01713491798994905
294.2188282993941, 0.017113435140072082
295.13837638376384, 0.017008557873468753
296.0579244681336, 0.01701709513741665
296.9774725525033, 0.01701709513741665
297.89702063687304, 0.01701709513741665
298.8165687212428, 0.01701709513741665
299.7361168056125, 0.017008557873468753
300.65566488998223, 0.017231925030887694
301.575212974352, 0.017493303866449445
302.3693681381258, 0.018614066873551233
302.9963327411052, 0.021880004371013423
303.62329734408456, 0.02528223952359779
304.3756548676598, 0.02937086575879225
305.23250649173156, 0.03366081564560134
306.1729533962006, 0.0379346644821953
307.0925014805704, 0.03810159677505593
308.01204956494007, 0.03807770440502351
309.0151929297071, 0.040441097441865546
309.9347410140768, 0.04202727831496065
310.85428909844654, 0.043877041343370414
311.7738371828163, 0.04555986663025094
312.693385267186, 0.047070434275039104
313.61293335155574, 0.047784412271005466
314.5324814359255, 0.04704091781566538
315.45202952029524, 0.04837031890228396
316.37157760466494, 0.05187678697477663
317.2911256890347, 0.05520043493816333
318.21067377340444, 0.05877387810053514
319.13022185777413, 0.06356772342778715
319.8547142878836, 0.06513903258226081
