#Tachy-Pre, van Dijk, Quantum Yield
280.28413809779124, 0.08771586404545244
281.2615598378206, 0.087313301519283
282.18110792219034, 0.087313301519283
283.1006560065601, 0.08758757504954877
284.02020409092984, 0.08824935185659313
284.93975217529953, 0.08869331191388043
285.8593002596693, 0.0895879436149724
286.77884834403903, 0.09020823203576278
287.6983964284087, 0.09123252692868411
288.6179445127785, 0.09221059368505789
289.53749259714823, 0.09337469318960288
290.4570406815179, 0.09489017819490528
291.3765887658877, 0.09593754163683181
292.2961368502574, 0.09677363211155572
293.2156849346271, 0.0972401416948671
294.13523301899687, 0.09585733727633905
295.0547811033666, 0.094375725237819
295.9743291877363, 0.09345282030815497
296.89387727210607, 0.09671294826564135
297.8134253564758, 0.09830316559514987
298.7329734408455, 0.10111750264825599
299.65252152521526, 0.10461220018556619
300.572069609585, 0.10830690833175927
301.512516514054, 0.11117397790594312
302.41116577832446, 0.11717762151811828
303.3307138626942, 0.11653258913512488
304.28927307791594, 0.12430971549378664
304.984042741662, 0.12467280535001744
305.83857227461164, 0.12259106251002548
306.7581203589814, 0.1248414904993167
307.6776684433511, 0.12737269461356604
308.59721652772083, 0.1276126102427739
309.5167646120906, 0.1279332008484282
310.4363126964603, 0.1284424505861912
311.35586078083, 0.1276126102427739
312.2754088651998, 0.1276126102427739
313.1949569495695, 0.1276126102427739
314.1145050339392, 0.1276126102427739
315.034053118309, 0.12779952366769098
315.95360120267867, 0.1276126102427739
316.8731492870484, 0.1276126102427739
317.79269737141817, 0.1276126102427739
318.71224545578787, 0.1276126102427739
319.58999589995904, 0.1276126102427739
