#DataThief /Users/islabarnard/Desktop/./eng/dna2.png Monday 13-Nov-2017 12:43:26 AM
280.6889172, 745.3159674
280.9204082, 727.2808087
281.1518993, 709.6820648
281.3840076, 709.6820648
281.6161159, 709.6820648
281.8476069, 692.5091752
282.0790979, 675.7518354
282.3105889, 659.3999899
282.5420799, 643.4438263
282.7735709, 627.8737701
283.0050619, 612.6804781
283.2365529, 597.8548334
283.468044, 583.3879398
283.699535, 569.2711161
283.931026, 555.4958913
284.162517, 542.0539995
284.394008, 528.9373747
284.625499, 516.1381459
284.85699, 503.6486331
285.088481, 491.4613414
285.319972, 479.5689579
285.551463, 467.9643464
285.782954, 456.6405432
286.014445, 445.5907535
286.0138277, 434.8083467
286.2453187, 424.2868526
286.2447014, 414.0199576
286.4761924, 404.0015011
286.7076834, 394.2254711
286.7070661, 384.6860016
286.9385571, 375.3773682
287.1700482, 366.2939851
287.1694308, 357.4304018
287.4009217, 348.7812995
287.6324128, 340.3414883
287.6317955, 332.1059036
287.8632866, 324.0696036
287.8626692, 316.227766
288.0941603, 308.5756853
288.3256513, 301.1087696
288.325034, 293.8225384
288.556525, 286.7126194
288.788016, 279.7747462
288.7873987, 273.0047559
289.0188897, 266.3985857
289.2503807, 259.9522717
289.2497634, 253.6619456
289.4812544, 247.5238328
289.4806371, 241.5342501
289.7121281, 235.6896034
289.9436191, 229.9863854
289.9430018, 224.4211738
290.1744928, 218.9906295
290.4059838, 213.6914932
290.4053665, 208.5205857
290.6368575, 203.4748038
290.6362402, 198.5511196
290.8677312, 193.7465789
290.8671139, 189.0582984
291.0986049, 184.4834649
291.0979876, 180.0193333
291.3294786, 175.6632247
291.3288613, 171.4125253
291.5603523, 167.2646844
291.5597349, 163.2172129
291.791226, 159.2676821
292.022717, 155.4137221
292.0220997, 151.6530202
292.2535907, 147.9833197
292.2529734, 144.4024189
292.4844644, 140.9081686
292.4838471, 137.498472
292.715338, 134.1712835
292.7147208, 130.9246063
292.9462118, 127.7564921
292.9455945, 124.6650399
293.1770855, 121.6483949
293.1764682, 118.7047466
293.4079592, 115.8323285
293.4073419, 113.0294175
293.6388329, 110.2943312
293.6382156, 107.6254285
293.8697066, 105.021108
293.8690893, 102.4798068
294.1005803, 100.0
294.099963, 97.5801996
294.0993457, 95.2189535
294.3308366, 92.9148448
294.3302194, 90.6664911
294.329602, 88.472543
294.561093, 86.3316841
294.5604757, 84.2426296
294.7919667, 82.2041261
294.7913494, 80.2149504
294.7907321, 78.2739087
294.7901148, 76.3798363
295.0216058, 74.5315967
295.0209885, 72.7280809
295.2524795, 70.9682065
295.2518622, 69.2509175
295.2512449, 67.5751836
295.4827359, 65.939999
295.4821186, 64.3443825
295.4815013, 62.787377
295.480884, 61.2680478
295.712375, 59.7854833
295.9438659, 58.338794
295.9432487, 56.9271116
295.9426314, 55.5495891
295.9420141, 54.2054
296.1735051, 52.8937374
296.1728878, 51.6138146
296.4043788, 50.3648633
296.4037614, 49.1461341
296.4031442, 47.9568957
296.6346352, 46.7964346
296.6340179, 45.6640543
296.6334005, 44.5590754
296.8648916, 43.4808347
296.8642742, 42.4286853
296.8636569, 41.4019958
297.0951479, 40.4001501
297.0945306, 39.4225471
297.0939133, 38.4686002
297.3254043, 37.5377368
297.324787, 36.6293985
297.3241697, 35.7430402
297.5556607, 34.87813
297.5550434, 34.0341488
297.7865343, 33.2105904
297.7859171, 32.4069604
297.7852998, 31.6227766
298.0167908, 30.8575685
298.0161735, 30.110877
298.2476645, 29.3822538
298.2470472, 28.6712619
298.2464299, 27.9774745
298.4779209, 27.3004756
298.4773036, 26.6398586
298.7087946, 25.9952272
298.7081773, 25.3661946
298.70756, 24.7523833
298.939051, 24.153425
298.9384337, 23.5689603
299.1699247, 22.9986385
299.1693074, 22.4421173
299.1686901, 21.8990629
299.4001811, 21.3691493
299.3995638, 20.8520585
299.3989465, 20.3474804
299.6304375, 19.855112
299.6298202, 19.3746578
299.8613112, 18.9058298
299.8606939, 18.4483465
299.8600765, 18.0019333
300.0915676, 17.5663225
300.0909502, 17.1412525
300.3224413, 16.7264684
300.3218239, 16.3217213
300.553315, 15.9267682
300.5526976, 15.5413722
300.5520803, 15.165302
300.7835713, 14.798332
300.782954, 14.4402419
301.014445, 14.0908169
301.0138277, 13.7498472
301.0132104, 13.4171284
301.2447014, 13.0924606
301.2440841, 12.7756492
301.4755751, 12.466504
301.4749577, 12.1648395
301.4743405, 11.8704747
301.7058315, 11.5832329
301.9373225, 11.3029416
301.9367052, 11.0294331
302.1681962, 10.7625429
302.3996872, 10.5021108
302.3990699, 10.2479807
302.6305608, 10.0
302.8620519, 9.75802
302.8614346, 9.5218954
303.0929256, 9.2914845
303.0923083, 9.0666491
303.3237993, 8.8472543
303.5552903, 8.6331684
303.554673, 8.424263
303.7861639, 8.2204126
304.017655, 8.021495
304.0170377, 7.8273909
304.2485287, 7.6379836
304.4800198, 7.4531597
304.7115108, 7.2728081
304.9430018, 7.0968206
305.1744928, 6.9250918
305.4059838, 6.7575184
305.6380921, 6.7575184
305.8695831, 6.5939999
306.1010741, 6.4344383
306.3325651, 6.2787377
306.5640561, 6.1268048
306.7961645, 6.1268048
307.0276555, 5.9785483
307.2591465, 5.8338794
307.4912548, 5.8338794
307.7227458, 5.6927112
307.9542367, 5.5549589
308.1863451, 5.5549589
308.4178361, 5.42054
308.6493271, 5.2893737
308.8814355, 5.2893737
309.1129265, 5.1613815
309.3450348, 5.1613815
309.5765258, 5.0364863
309.8080167, 4.9146134
310.0401251, 4.9146134
310.2716161, 4.7956896
310.5031071, 4.6796435
310.7352154, 4.6796435
310.9667064, 4.5664053
311.1988148, 4.5664053
311.4309231, 4.5664053
311.6624141, 4.4559075
311.8945224, 4.4559075
312.1266307, 4.4559075
312.3581216, 4.3480835
312.59023, 4.3480835
312.8223384, 4.3480835
313.0538294, 4.2428685
313.2859377, 4.2428685
313.518046, 4.2428685
313.749537, 4.1401996
313.9816453, 4.1401996
314.2137537, 4.1401996
314.4452447, 4.040015
314.677353, 4.040015
314.9094613, 4.040015
315.1409523, 3.9422547
315.3730606, 3.9422547
315.6051689, 3.9422547
315.8366599, 3.84686
316.0687683, 3.84686
316.3008766, 3.84686
316.5323676, 3.7537737
316.7644758, 3.7537737
316.9965842, 3.7537737
317.2286925, 3.7537737
317.4608009, 3.7537737
317.6922918, 3.6629399
317.9244002, 3.6629399
318.1565085, 3.6629399
318.3886167, 3.6629399
318.6201078, 3.574304
318.8522161, 3.574304
319.0843245, 3.574304
319.3164328, 3.574304
319.5485411, 3.574304
319.7800321, 3.487813
320.0121404, 3.487813
320.2442487, 3.487813
320.4763571, 3.487813
320.7084654, 3.487813
320.9399564, 3.4034149
321.1720647, 3.4034149
321.404173, 3.4034149
321.6362813, 3.4034149
321.8683896, 3.4034149
322.0998807, 3.321059
322.331989, 3.321059
322.5640973, 3.321059
322.7962056, 3.321059
323.0276966, 3.240696
323.2598049, 3.240696
323.4919132, 3.240696
323.7240216, 3.240696
323.9561299, 3.240696
324.1876209, 3.1622777
324.4197292, 3.1622777
324.6518375, 3.1622777
324.8839458, 3.1622777
325.1160542, 3.1622777
325.3475451, 3.0857569
325.5796535, 3.0857569
325.8117618, 3.0857569
326.0438701, 3.0857569
326.2759784, 3.0857569
326.5074694, 3.0110877
326.7395778, 3.0110877
326.971686, 3.0110877
327.2037944, 3.0110877
327.4352854, 2.9382253
327.6673936, 2.9382253
327.899502, 2.9382253
328.1316104, 2.9382253
328.3631014, 2.8671262
328.5952096, 2.8671262
328.827318, 2.8671262
329.0594263, 2.8671262
329.2909173, 2.7977475
329.5230256, 2.7977475
329.755134, 2.7977475
329.9872423, 2.7977475
330.2193506, 2.7977475
330.4508416, 2.7300476
330.6829499, 2.7300476
330.9150582, 2.7300476
331.1471666, 2.7300476
331.3786576, 2.6639859
331.6107659, 2.6639859
331.8428742, 2.6639859
332.0749825, 2.6639859
332.3064735, 2.5995227
332.5385818, 2.5995227
332.7706902, 2.5995227
333.0027985, 2.5995227
333.2342895, 2.5366195
333.4663978, 2.5366195
333.6985061, 2.5366195
333.9306144, 2.5366195
334.1627227, 2.5366195
334.3942138, 2.4752383
334.626322, 2.4752383
334.8584304, 2.4752383
335.0905387, 2.4752383
335.3220296, 2.4153425
335.554138, 2.4153425
335.7862463, 2.4153425
336.0183547, 2.4153425
336.2498457, 2.3568959
336.481954, 2.3568959
336.7140623, 2.3568959
336.9461705, 2.3568959
337.1782789, 2.3568959
337.4097699, 2.2998639
337.6418783, 2.2998639
337.8739865, 2.2998639
338.1060949, 2.2998639
338.3382032, 2.2998639
338.5696942, 2.2442117
338.8018025, 2.2442117
339.0339109, 2.2442117
339.2660192, 2.2442117
339.4981275, 2.2442117
339.7296185, 2.1899063
339.9617268, 2.1899063
340.1938351, 2.1899063
340.4259435, 2.1899063
340.6580518, 2.1899063
340.8895428, 2.1369149
341.1216511, 2.1369149
341.3537594, 2.1369149
341.5858677, 2.1369149
341.817976, 2.1369149
342.0494671, 2.0852059
342.2815754, 2.0852059
342.5136837, 2.0852059
342.745792, 2.0852059
342.9779003, 2.0852059
343.2093913, 2.034748
343.4414997, 2.034748
343.673608, 2.034748
343.9057163, 2.034748
344.1378246, 2.034748
344.3693156, 1.9855112
344.6014239, 1.9855112
344.8335322, 1.9855112
345.0656406, 1.9855112
345.2971316, 1.9374658
345.5292398, 1.9374658
345.7613482, 1.9374658
345.9934565, 1.9374658
346.2255648, 1.9374658
346.4576732, 1.9374658
346.6891642, 1.890583
346.9212725, 1.890583
347.1533808, 1.890583
347.3854891, 1.890583
347.6175974, 1.890583
347.8490883, 1.8448346
348.0811968, 1.8448346
348.3133051, 1.8448346
348.5454134, 1.8448346
348.7775216, 1.8448346
349.00963, 1.8448346
349.241121, 1.8001933
349.4732294, 1.8001933
349.7053376, 1.8001933
349.937446, 1.8001933
350.1695543, 1.8001933
350.4010453, 1.7566321
350.6331536, 1.7566321
350.8652619, 1.7566321
351.0973703, 1.7566321
351.3294786, 1.7566321
351.5615869, 1.7566321
351.7930779, 1.7141253
352.0251862, 1.7141253
352.2572945, 1.7141253
352.4894029, 1.7141253
352.7215112, 1.7141253
352.9536194, 1.7141253
353.1851105, 1.6726467
353.4172188, 1.6726467
353.6493271, 1.6726467
353.8814355, 1.6726467
354.1135438, 1.6726467
354.3450348, 1.6321721
354.5771431, 1.6321721
354.8092514, 1.6321721
355.0413597, 1.6321721
355.273468, 1.6321721
355.5055764, 1.6321721
355.7370674, 1.5926768
355.9691757, 1.5926768
356.201284, 1.5926768
356.4333923, 1.5926768
356.6648833, 1.5541372
356.8969916, 1.5541372
357.1291, 1.5541372
357.3612083, 1.5541372
357.5926993, 1.5165302
357.8248076, 1.5165302
358.0569159, 1.5165302
358.2890242, 1.5165302
358.5211326, 1.5165302
358.7526236, 1.4798332
358.9847318, 1.4798332
359.2168402, 1.4798332
359.4489485, 1.4798332
359.6804394, 1.4440241
359.9125478, 1.4440241
360.1446562, 1.4440241
360.3767645, 1.4440241
360.6082554, 1.4090817
360.8403638, 1.4090817
361.0724721, 1.4090817
361.3045803, 1.4090817
361.5360714, 1.3749847
361.7681798, 1.3749847
362.0002881, 1.3749847
362.2323964, 1.3749847
362.4645047, 1.3749847
362.6959957, 1.3417128
362.928104, 1.3417128
363.1602124, 1.3417128
363.3923207, 1.3417128
363.6238117, 1.3092461
363.85592, 1.3092461
364.0880283, 1.3092461
364.3201366, 1.3092461
364.5516276, 1.2775649
364.783736, 1.2775649
365.0158443, 1.2775649
365.2479526, 1.2775649
365.4800609, 1.2775649
365.7115519, 1.2466504
365.9436602, 1.2466504
366.1757686, 1.2466504
366.4078769, 1.2466504
366.6393678, 1.2164839
366.8714762, 1.2164839
367.1035845, 1.2164839
367.3356928, 1.2164839
367.5671838, 1.1870475
367.7992922, 1.1870475
368.0314005, 1.1870475
368.2635087, 1.1870475
368.4949998, 1.1583233
368.7271081, 1.1583233
368.9592163, 1.1583233
369.1913247, 1.1583233
369.4234331, 1.1583233
369.6549241, 1.1302942
369.8870324, 1.1302942
370.1191407, 1.1302942
370.351249, 1.1302942
370.58274, 1.1029433
370.8148483, 1.1029433
371.0469567, 1.1029433
371.279065, 1.1029433
371.510556, 1.0762543
371.7426643, 1.0762543
371.9747726, 1.0762543
372.2068809, 1.0762543
372.4389893, 1.0762543
372.6704803, 1.0502111
372.9025886, 1.0502111
373.1346969, 1.0502111
373.3668052, 1.0502111
373.5989135, 1.0502111
373.8304045, 1.0247981
374.0625129, 1.0247981
374.2946212, 1.0247981
374.5267295, 1.0247981
374.7588378, 1.0247981
374.9903288, 1.0
375.2224371, 1.0
375.4545455, 1.0
375.6866538, 1.0
375.9187621, 1.0
376.1508704, 1.0
376.3823614, 0.9758019
376.6144697, 0.9758019
376.846578, 0.9758019
377.0786864, 0.9758019
377.3107947, 0.9758019
377.542903, 0.9758019
377.774394, 0.9521895
378.0065023, 0.9521895
378.2386106, 0.9521895
378.4707189, 0.9521895
378.7028273, 0.9521895
378.9343183, 0.9291483
379.1664266, 0.9291483
379.3985349, 0.9291483
379.6306432, 0.9291483
379.8627516, 0.9291483
380.0948598, 0.9291483
380.3263509, 0.9066649
380.5584592, 0.9066649
380.7905674, 0.9066649
381.0226758, 0.9066649
381.2547841, 0.9066649
381.4862752, 0.8847254
381.7183834, 0.8847254
381.9504918, 0.8847254
382.1826001, 0.8847254
382.4147083, 0.8847254
382.6468167, 0.8847254
382.8783077, 0.8633168
383.1104161, 0.8633168
383.3425244, 0.8633168
383.5746327, 0.8633168
383.806741, 0.8633168
384.038232, 0.8424263
384.2703403, 0.8424263
384.5024487, 0.8424263
384.734557, 0.8424263
384.9666652, 0.8424263
385.1981563, 0.8220413
385.4302646, 0.8220413
385.6623729, 0.8220413
385.8944813, 0.8220413
386.1259723, 0.8021495
386.3580806, 0.8021495
386.5901889, 0.8021495
386.8222972, 0.8021495
387.0544055, 0.8021495
387.2858965, 0.7827391
387.5180049, 0.7827391
387.7501132, 0.7827391
387.9822215, 0.7827391
388.2137125, 0.7637984
388.4458208, 0.7637984
388.6779291, 0.7637984
388.9100375, 0.7637984
389.1421458, 0.7637984
389.3736367, 0.7453159
389.6057451, 0.7453159
389.8378534, 0.7453159
390.0699617, 0.7453159
390.3014527, 0.7272808
390.5335611, 0.7272808
390.7656694, 0.7272808
390.9977776, 0.7272808
391.229886, 0.7272808
391.461377, 0.7096821
391.6934852, 0.7096821
391.9255936, 0.7096821
392.157702, 0.7096821
392.389193, 0.6925092
392.6213012, 0.6925092
392.8534096, 0.6925092
393.0855179, 0.6925092
393.3170089, 0.6757518
393.5491172, 0.6757518
393.7812256, 0.6757518
394.0133339, 0.6757518
394.2448249, 0.6594
394.4769332, 0.6594
394.7090415, 0.6594
394.9411498, 0.6594
395.1732582, 0.6594
395.4047492, 0.6434438
395.6368575, 0.6434438
395.8689658, 0.6434438
396.1010741, 0.6434438
396.3325651, 0.6278738
396.5646734, 0.6278738
396.7967818, 0.6278738
397.0288901, 0.6278738
397.2603811, 0.6126805
397.4924894, 0.6126805
397.7245977, 0.6126805
397.956706, 0.6126805
398.1888144, 0.6126805
398.4203054, 0.5978548
398.6524136, 0.5978548
398.8839047, 0.5833879
399.116013, 0.5833879
