
   0.230000000000000   0.600000000000000
   0.235000000000000   0.550000000000000
   0.240000000000000   0.600000000000000
   0.250000000000000   1.000000000000000
   0.255000000000000   1.250000000000000
   0.260000000000000   1.400000000000000
   0.265000000000000   1.250000000000000
   0.270000000000000   1.000000000000000
   0.275000000000000   0.800000000000000
   0.280000000000000   0.600000000000000
   0.285000000000000   0.300000000000000
   0.290000000000000   0.110000000000000
   0.295000000000000   0.025000000000000
   0.300000000000000   0.010000000000000
   0.310000000000000   0.005100000000000
   0.320000000000000   0.004100000000000
   0.330000000000000   0.003600000000000
   0.340000000000000   0.003000000000000
   0.350000000000000   0.002500000000000
   0.360000000000000   0.002000000000000
   0.370000000000000   0.001700000000000
   0.380000000000000   0.001200000000000
   0.390000000000000   0.001000000000000
   0.400000000000000   0.000900000000000
