#DataThief /Users/islabarnard/Desktop/vanGemert.png Tues
280.5977	258.0253
281.2253	258.0253
281.853		258.0253
282.4806	258.0253
283.1083	258.0253
283.7359	258.0253
284.3636	258.0253
284.9912	258.0253
285.6167	255.9653
286.2443	255.9653
286.8719	255.9653
287.4996	255.9653
288.1273	255.9653
288.7549	255.9653
289.3826	255.9653
290.0102	255.9653
290.6379	255.9653
291.2655	255.9653
291.8932	255.9653
292.5208	255.9653
293.1463	253.9217
293.7739	253.9217
294.4016	253.9217
295.0292	253.9217
295.6569	253.9217
296.2845	253.9217
296.9122	253.9217
297.5398	253.9217
298.1675	253.9217
298.793		251.8944
299.4205	251.8944
300.0483	251.8944
300.6759	251.8944
301.3035	251.8944
301.9312	251.8944
302.5589	251.8944
303.1865	251.8944
303.8142	251.8944
304.4396	249.8833
305.0673	249.8833
305.6949	249.8833
306.3226	249.8833
306.9502	249.8833
307.5779	249.8833
308.2055	249.8833
308.831		247.8881
309.4586	247.8881
310.0863	247.8881
310.714		247.8881
311.3416	247.8881
311.9693	247.8881
312.5969	247.8881
313.2246	247.8881
313.85		245.9091
314.4777	245.9091
315.1053	245.9091
315.733		245.9091
316.3606	245.9091
316.9883	245.9091
317.6159	245.9091
318.2414	243.9458
318.869		243.9458
319.4967	243.9458
320.1243	243.9458
320.752		243.9458
321.3796	243.9458
322.0051	241.9981
322.6328	241.9981
323.2604	241.9981
323.8881	241.9981
324.5157	241.9981
325.1434	241.9981
325.771		241.9981
326.3987	241.9981
327.0241	240.066
327.6518	240.066
328.2793	240.066
328.9071	240.066
329.5347	240.066
330.1623	240.066
330.79		240.066
331.4155	238.1494
332.0431	238.1494
332.6707	238.1494
333.2984	238.1494
333.9261	238.1494
334.5537	238.1494
335.1814	238.1494
335.809		238.1494
336.4344	236.248
337.0622	236.248
337.6898	236.248
338.3175	236.248
338.9451	236.248
339.5728	236.248
340.2004	236.248
340.8258	234.3618
341.4535	234.3618
342.0812	234.3618
342.7088	234.3618
343.3365	234.3618
343.9641	234.3618
344.5918	234.3618
345.2194	234.3618
345.8471	234.3618
346.4726	232.4907
347.1002	232.4907
347.7279	232.4907
348.3555	232.4907
348.9832	232.4907
349.6108	232.4907
350.2363	230.6345
350.8639	230.6345
351.4916	230.6345
352.1192	230.6345
352.7469	230.6345
353.3723	228.7931
354.0		228.7931
354.6276	228.7931
355.2553	228.7931
355.8829	228.7931
356.5106	228.7931
357.1381	228.7931
357.7659	228.7931
358.3935	228.7931
359.0212	228.7931
359.6488	228.7931
360.2765	228.7931
360.9041	228.7931
361.5318	228.7931
362.1594	228.7931
362.7871	228.7931
363.4126	226.9665
364.0402	226.9665
364.6679	226.9665
365.2955	226.9665
365.9232	226.9665
366.5508	226.9665
367.1785	226.9665
367.8061	226.9665
368.4338	226.9665
369.0614	226.9665
369.6891	226.9665
370.3167	226.9665
370.9444	226.9665
371.572		226.9665
372.1997	226.9665
372.8273	226.9665
373.455		226.9665
374.0826	226.9665
374.7103	226.9665
375.3378	226.9665
375.9656	226.9665
376.5932	226.9665
377.2209	226.9665
377.8463	225.1544
378.474		225.1544
379.1016	225.1544
379.7292	225.1544
380.3569	225.1544
380.9846	225.1544
381.6122	225.1544
382.2399	225.1544
382.8675	225.1544
383.4952	225.1544
384.1228	225.1544
384.7505	225.1544
385.378		225.1544
386.0058	225.1544
386.6334	225.1544
387.261		225.1544
387.8887	225.1544
388.5164	225.1544
389.1441	225.1544
389.7717	225.1544
390.3994	225.1544
391.027		225.1544
391.6547	225.1544
392.2823	225.1544
392.91		225.1544
393.5375	225.1544
394.1653	225.1544
394.7929	225.1544
395.4205	225.1544
396.0482	225.1544
396.6759	225.1544
397.3035	225.1544
397.9312	225.1544
398.5588	225.1544
399.1865	225.1544
399.8141	225.1544
400.4418	225.1544
