sunbed spec
279.93	0.421226481	0.138154521
280.04	-106.8937318	-35.58513357
280.15	-4.617333246	-1.536562371
280.26	-0.719620971	-0.241157066
280.37	2.189208895	0.732417539
280.48	-1.298143135	-0.427999043
280.6	-0.522224105	-0.173531217
280.71	-0.407710005	-0.140234072
280.82	-7.303501701	-2.466182698
280.93	0.59849142	0.200583741
281.04	-2.026254543	-0.663302923
281.15	-1.807392762	-0.593722025
281.26	4.143853898	1.376697292
281.37	-3.336037233	-1.127524594
281.49	-1.479099028	-0.514704945
281.6	0.618048732	0.220642162
281.71	4.908392222	1.725051475
281.82	-7.943983162	-2.883287653
281.93	-0.922419802	-0.34525805
282.04	-4.2206283	-1.588945461
282.15	4.12751939	1.566357766
282.26	0.537425539	0.203858457
282.38	0.242404771	0.091205241
282.49	0.162707351	0.060917499
282.6	0.192843907	0.071443624
282.71	0.130774762	0.049524859
282.82	0.115799337	0.043946018
282.93	0.11208406	0.042238017
283.04	0.103788887	0.039726759
283.15	0.101998654	0.038801732
283.27	0.120035097	0.046036124
283.38	0.155283301	0.060958341
283.49	0.164092016	0.064700603
283.6	0.143596554	0.056216921
283.71	0.145713172	0.058469696
283.82	0.134190647	0.053945593
283.93	0.10907929	0.044638985
284.04	0.098044719	0.040110008
284.15	0.092783485	0.038701684
284.27	0.089185592	0.037859396
284.38	0.090616839	0.038888511
284.49	0.087737733	0.037892608
284.6	0.085402059	0.037424141
284.71	0.085443613	0.037293342
284.82	0.084364579	0.036998228
284.93	0.092384891	0.040944511
285.04	0.091337175	0.041330858
285.15	0.083744953	0.038763971
285.26	0.075458266	0.035092506
285.38	0.068901567	0.031705568
285.49	0.063923116	0.029443601
285.6	0.064473161	0.029859869
285.71	0.064777554	0.030160313
285.82	0.065661319	0.030783263
285.93	0.066414505	0.030129077
286.04	0.073818565	0.033083663
286.15	0.086386629	0.037958414
286.26	0.096323704	0.041677322
286.37	0.10660004	0.046921995
286.48	0.114944727	0.05098343
286.6	0.124128783	0.05553883
286.71	0.118825762	0.053517397
286.82	0.111509075	0.050592424
286.93	0.093380801	0.043177243
287.04	0.062991	0.029628165
287.15	0.031487127	0.015066398
287.26	-0.002642327	-0.001281367
287.37	-0.02864033	-0.01402389
287.48	-0.040745477	-0.020031799
287.59	-0.031841152	-0.015835215
287.7	-0.003045553	-0.001534179
287.82	0.060681833	0.030803687
287.93	0.149178485	0.076240902
288.04	0.2845773	0.145604365
288.15	0.446709599	0.230235053
288.26	0.640192562	0.333068704
288.37	0.866815399	0.440860588
288.48	1.084293584	0.553216627
288.59	1.273729873	0.638147958
288.7	1.489797873	0.742702385
288.81	1.657917514	0.828913263
288.92	1.875204607	0.939685533
289.03	1.919320631	0.974404931
289.14	1.90642746	0.974215315
289.25	1.901912381	0.980425037
289.37	1.766582253	0.940487521
289.48	1.595103719	0.864111636
289.59	1.412347853	0.77595737
289.7	1.213880469	0.673569658
289.81	1.016471019	0.56368395
289.92	0.828857478	0.465002991
290.03	0.680897617	0.381204853
290.14	0.551162395	0.310701702
290.25	0.431325754	0.243508486
290.36	0.334394813	0.187758792
290.47	0.280800309	0.15804783
290.58	0.235912695	0.134119614
290.69	0.200293414	0.113558496
290.8	0.18433774	0.105666083
290.91	0.176043908	0.10058022
291.02	0.174202134	0.100060178
291.14	0.180662408	0.103789469
291.25	0.192930165	0.110974578
291.36	0.21801224	0.12579108
291.47	0.246108284	0.142355201
291.58	0.279363993	0.161069432
291.69	0.313547151	0.182732228
291.8	0.348266548	0.204044331
291.91	0.387727132	0.227345629
292.02	0.439038672	0.25941656
292.13	0.486973301	0.287578158
292.24	0.547003058	0.325702792
292.35	0.604649071	0.36321758
292.46	0.622535012	0.375301992
292.57	0.644723499	0.390992276
292.68	0.666603466	0.40354278
292.79	0.661621311	0.402439258
292.9	0.646143718	0.396451829
293.01	0.600902484	0.369406603
293.12	0.546894394	0.3372329
293.23	0.482484011	0.297302746
293.34	0.419215517	0.257615724
293.46	0.35987934	0.22297795
293.57	0.32387045	0.200420764
293.68	0.312894999	0.195140942
293.79	0.331715596	0.208632914
293.9	0.388924426	0.248317628
294.01	0.506814336	0.326226852
294.12	0.675650808	0.438000392
294.23	0.899749	0.592772796
294.34	1.107654806	0.742182682
294.45	1.324559729	0.889295313
294.56	1.448501627	0.990923604
294.67	1.490238858	1.022762957
294.78	1.461768021	1.011988955
294.89	1.261328775	0.872399713
295.0	0.851160983	0.594509879
295.11	0.223055615	0.157195546
295.22	-0.529091355	-0.371836117
295.33	-1.264534529	-0.889089819
295.44	-1.81307495	-1.287183719
295.55	-2.010895318	-1.434226099
295.66	-1.59902532	-1.158924555
295.77	-0.292451926	-0.211806335
295.88	2.136126465	1.572369885
295.99	5.979834166	4.463341774
296.1	11.3458212	8.586378064
296.21	17.81725625	13.72542201
296.32	24.86091181	19.39805217
296.43	32.28535156	25.35166897
296.54	40.04977645	31.60822936
296.65	46.43103936	36.6052822
296.76	51.45381773	40.72685624
296.87	54.36282587	42.93809454
296.98	54.92059968	43.16197186
297.09	53.08158505	41.43938099
297.2	49.21534309	37.97874278
297.31	43.8882868	33.53469749
297.42	36.97911354	28.15349451
297.53	28.79473809	21.81477243
297.64	21.34938333	16.11290408
297.75	14.60887549	10.99526153
297.86	8.857204083	6.629528694
297.97	4.299147458	3.202772587
298.08	1.059482477	0.784868069
298.19	-0.919576311	-0.684156843
298.3	-1.845407827	-1.37216011
298.41	-1.924716097	-1.426972639
298.52	-1.387571316	-1.02933181
298.63	-0.374449784	-0.279535602
298.74	0.92571712	0.694804862
298.85	2.362525068	1.779821055
298.96	3.787563852	2.869136374
299.07	5.086096119	3.891940388
299.18	6.119641244	4.681226111
299.29	6.972584956	5.344943904
299.4	7.650156969	5.875387407
299.51	8.045808899	6.181645037
299.62	8.193326243	6.330850314
299.73	8.103567757	6.279223717
299.84	7.690655827	5.977700281
299.95	6.899597667	5.357857894
300.06	5.79427308	4.501227613
300.17	4.550893712	3.565031264
300.28	3.282174139	2.582476524
300.39	2.274939976	1.807014876
300.5	1.789035294	1.431938365
300.61	2.076225842	1.668466416
300.72	3.411164534	2.771517841
300.83	6.013083599	4.928778824
300.94	10.20072376	8.406056905
301.05	16.33865793	13.55507616
301.16	24.07191462	20.09640168
301.27	33.12492999	27.90870846
301.38	42.7975712	36.44156628
301.49	52.38005715	44.94843549
301.6	60.9038716	52.60712187
301.71	67.95541921	58.99110911
301.82	73.77475015	64.40530695
301.93	77.67518149	68.20535173
302.04	78.54524887	69.00960195
302.15	77.09132667	67.76244601
302.26	73.60154462	64.73265329
302.37	67.92363287	59.58862753
302.48	60.79209819	53.22292017
302.59	53.04127055	46.40274678
302.7	45.29801869	39.486871
302.81	37.63430052	32.72246971
302.92	30.72998256	26.70421786
303.03	25.43650587	22.1439486
303.14	21.86363853	19.02633844
303.25	19.80409311	17.21967147
303.36	19.20809074	16.66981596
303.46	19.65393221	17.09906323
303.57	21.10986238	18.32102456
303.68	23.08996344	20.05590424
303.79	25.47456631	22.14320478
303.9	28.07906883	24.42879753
304.01	30.42777904	26.53924469
304.12	32.40506333	28.27161787
304.23	34.08159775	29.7910777
304.34	35.50823463	31.10834308
304.45	36.76997391	32.20282089
304.56	37.94797524	33.31088647
304.67	39.37503391	34.53800946
304.78	40.97473475	36.05269729
304.89	42.18215976	37.20078989
305.0	43.32416951	38.24584087
305.11	44.66155387	39.48811187
305.22	46.15106887	40.92587746
305.33	47.56509422	42.27820508
305.44	49.39718196	44.02213553
305.55	51.15225891	45.67997412
305.66	52.37971832	47.01327706
305.76	53.27126431	47.6940154
305.87	54.74210959	49.12063703
305.98	56.22807279	50.57826108
306.09	57.73521387	52.22277804
306.2	59.1455819	53.63380419
306.31	60.52662428	54.98744307
306.42	61.94472091	56.40748141
306.53	63.31776694	57.76435874
306.64	65.07961019	59.4915327
306.75	66.71486461	61.35353824
306.86	68.55313247	63.18876428
306.97	70.58177691	65.18152818
307.08	72.98207191	67.51337609
307.19	75.44900787	69.98286661
307.3	77.98976272	72.51223473
307.41	80.56261001	75.10702981
307.51	83.010619	77.54207803
307.62	85.58215168	80.04068622
307.73	88.30039898	82.62375561
307.84	90.82112341	85.14346695
307.95	93.11387848	87.40765489
308.06	95.02361797	89.19731102
308.17	96.84885436	91.00638301
308.28	98.79656071	93.04826533
308.39	100.7545926	95.08072943
308.5	102.8313417	97.04179178
308.61	105.109529	99.30965963
308.72	107.7273771	101.8938727
308.83	110.608877	104.6641425
308.94	114.4161337	108.293767
309.04	118.159923	111.9394454
309.15	122.8938224	116.4005957
309.26	128.0687498	121.1942902
309.37	132.7916083	125.3793422
309.48	136.9255849	129.2563615
309.59	140.51622	132.4128769
309.7	143.1797119	135.0622079
309.81	144.6923627	136.4567121
309.92	144.1018718	135.7146225
310.03	141.4843731	133.3076954
310.14	137.4380468	129.5777282
310.24	133.1591051	125.1705328
310.35	129.4955151	122.1037714
310.46	127.94828	120.8789517
310.57	129.3567065	122.4398531
310.68	135.0284984	127.6979142
310.79	146.0614274	138.2371019
310.9	163.5202934	154.9251314
311.01	188.3677646	178.3337668
311.12	221.481052	209.7607246
311.23	263.0812204	249.814728
311.34	314.4929327	297.2606614
311.44	370.0606652	349.2901172
311.55	442.6959129	417.6465463
311.66	525.5132679	496.5076412
311.77	617.2093054	582.1370509
311.88	717.6173952	677.4549162
311.99	826.3647045	781.3390607
312.1	943.004835	891.4447443
312.21	1067.695707	1010.687923
312.32	1195.845182	1136.739018
312.43	1318.980854	1254.881386
312.53	1416.105256	1347.137005
312.64	1496.314413	1421.063868
312.75	1541.732726	1466.315124
312.86	1559.599812	1484.459486
312.97	1552.610794	1478.464154
313.08	1512.017692	1440.0978
313.19	1431.252251	1362.222347
313.3	1308.148315	1242.651184
313.41	1152.250891	1091.995261
313.51	995.3067077	940.7681575
313.62	822.8967778	777.2908124
313.73	659.4243776	622.4421626
313.84	506.5366011	477.4008051
313.95	371.9032774	349.4108357
314.06	268.9155656	252.4156613
314.17	203.5349428	190.5971954
314.28	172.1720064	161.121042
314.38	167.9244896	157.4567056
314.49	184.252082	173.0935631
314.6	215.7875196	203.2128538
314.71	256.8494917	242.1813738
314.82	301.2849325	284.2455149
314.93	343.8962674	324.5047717
315.04	379.690018	357.6686855
315.15	405.6470441	382.7128391
315.25	421.7631431	398.5988229
315.36	432.9741708	409.13756
315.47	438.2838677	415.0625608
315.58	440.0700744	415.1133652
315.69	438.2351521	411.4893266
315.8	435.9613838	409.1375899
315.91	434.4558093	407.7726909
316.02	434.7668347	409.2438693
316.12	436.9719571	411.0314569
316.23	441.7063529	415.125567
316.34	448.8846668	422.6455522
316.45	457.4096464	430.0591491
316.56	466.9027822	440.5770139
316.67	477.8925549	451.7628843
316.78	489.4920254	462.6464955
316.88	499.3705786	472.4617714
316.99	510.2785144	482.025686
317.1	520.3715568	491.357879
317.21	514.3032162	486.1779754
317.32	522.3480801	492.2783736
317.43	530.3898034	500.2923158
317.54	538.1580362	507.3831856
317.64	545.1448102	514.4946259
317.75	552.7412242	521.6640035
317.86	561.1046303	528.9136645
317.97	568.8513178	537.3202218
318.08	576.5105291	545.2928434
318.19	585.5710461	551.28754
318.3	595.1397667	560.2299551
318.4	603.3638899	566.777907
318.51	612.7834306	575.5510216
318.62	622.5196368	584.4086798
318.73	632.9171176	593.9655071
318.84	642.7763058	603.7769379
318.95	653.9994308	613.8956084
319.05	663.861477	622.1066484
319.16	675.5966457	635.3019857
319.27	687.4659249	648.0075549
319.38	699.1841937	658.8689643
319.49	711.2109732	670.1047953
319.6	723.4238621	680.34575
319.7	733.8114985	688.4693812
319.81	746.3472629	697.981435
319.92	757.8007303	706.1035285
320.03	770.0134805	
320.14	780.7092998	
320.25	791.5476282	
320.35	801.1614647	
320.46	812.5684718	
320.57	823.7650359	
320.68	835.6156868	
320.79	846.9787712	
320.9	858.403189	
321	869.013415	
321.11	881.5223152	
321.22	894.5021087	
321.33	907.6984472	
321.44	921.3187164	
321.55	933.9319735	
321.65	945.4815007	
321.76	958.9266108	
321.87	973.6318855	
321.98	987.5714061	
322.09	1002.011346	
322.2	1016.54151	
322.3	1030.48727	
322.41	1045.762932	
322.52	1061.68203	
322.63	1076.687396	
322.74	1092.511878	
322.84	1106.540799	
322.95	1122.08833	
323.06	1137.148868	
323.17	1152.309981	
323.28	1167.01067	
323.38	1179.367577	
323.49	1194.240471	
323.6	1209.615428	
323.71	1224.884449	
323.82	1240.289854	
323.92	1254.764917	
324.03	1271.130506	
324.14	1287.963486	
324.25	1304.928456	
324.36	1321.789083	
324.46	1337.402934	
324.57	1354.820558	
324.68	1372.079597	
324.79	1390.04823	
324.9	1408.166616	
325	1424.991162	
325.11	1443.476947	
325.22	1462.20087	
325.33	1482.916179	
325.44	1503.177349	
325.54	1521.934015	
325.65	1543.3242	
325.76	1563.733659	
325.87	1584.164316	
325.98	1604.257176	
326.08	1622.568015	
326.19	1642.349468	
326.3	1661.305208	
326.41	1680.081296	
326.52	1698.214345	
326.62	1713.82797	
326.73	1731.954088	
326.84	1750.285404	
326.95	1768.795438	
327.05	1785.026129	
327.16	1803.942749	
327.27	1823.348373	
327.38	1842.287671	
327.49	1862.099076	
327.59	1879.758544	
327.7	1900.705137	
327.81	1922.048598	
327.92	1944.602903	
328.02	1965.013661	
328.13	1988.312111	
328.24	2011.734283	
328.35	2037.074679	
328.46	2062.357281	
328.56	2085.343636	
328.67	2109.7719	
328.78	2134.806614	
328.89	2158.386407	
328.99	2179.00529	
329.1	2201.704333	
329.21	2224.256488	
329.32	2245.391323	
329.42	2264.755425	
329.53	2285.484711	
329.64	2306.333251	
329.75	2327.530999	
329.85	2347.440832	
329.96	2369.976645	
330.07	2392.652226	
330.18	2415.966177	
330.28	2436.815562	
330.39	2460.584391	
330.5	2485.743436	
330.61	2510.522271	
330.71	2533.803385	
330.82	2560.176581	
330.93	2586.63679	
331.04	2614.244321	
331.14	2637.819338	
331.25	2666.646013	
331.36	2694.782998	
331.47	2723.159501	
331.57	2749.266692	
331.68	2776.834944	
331.79	2803.500942	
331.9	2830.48568	
332.0	2853.361882	
332.11	2879.440043	
332.22	2904.124848	
332.33	2928.604952	
332.43	2950.929612	
332.54	2977.930051	
332.65	3005.636705	
332.76	3035.0875	
332.86	3063.482621	
332.97	3099.03802	
333.08	3137.660159	
333.19	3180.371804	
333.29	3220.795629	
333.4	3267.089485	
333.51	3311.33263	
333.61	3349.116457	
333.72	3389.019934	
333.83	3425.786271	
333.94	3459.022618	
334.04	3485.890972	
334.15	3509.437969	
334.26	3526.770987	
334.37	3538.795386	
334.47	3548.961793	
334.58	3560.224111	
334.69	3570.087932	
334.79	3578.965846	
334.9	3589.89575	
335.01	3601.22471	
335.12	3616.374349	
335.22	3633.353119	
335.33	3656.947852	
335.44	3682.296025	
335.54	3705.359777	
335.65	3735.876057	
335.76	3766.265733	
335.87	3795.920061	
335.97	3823.852771	
336.08	3853.401362	
336.19	3882.849581	
336.29	3909.275515	
336.4	3937.098747	
336.51	3964.545151	
336.62	3989.967986	
336.72	4013.692947	
336.83	4038.239045	
336.94	4062.860985	
337.04	4084.607554	
337.15	4108.908427	
337.26	4131.634441	
337.36	4152.963968	
337.47	4177.900984	
337.58	4202.371655	
337.69	4227.655484	
337.79	4252.538234	
337.9	4279.928681	
338.01	4308.062749	
338.11	4332.651945	
338.22	4362.015634	
338.33	4391.121351	
338.43	4416.792993	
338.54	4443.733676	
338.65	4471.791328	
338.76	4498.643864	
338.86	4522.17674	
338.97	4547.72046	
339.08	4574.421912	
339.18	4595.73789	
339.29	4620.429874	
339.4	4644.39343	
339.5	4668.517325	
339.61	4691.92463	
339.72	4715.690813	
339.82	4737.854075	
339.93	4762.240742	
340.04	4785.857417	
340.14	4808.245102	
340.25	4833.363605	
340.36	4859.410474	
340.46	4881.684123	
340.57	4906.250433	
340.68	4930.220493	
340.78	4950.6075	
340.89	4972.796488	
341.0	4996.481784	
341.1	5015.871307	
341.21	5036.071537	
341.32	5055.196803	
341.42	5072.51267	
341.53	5093.459189	
341.64	5114.801454	
341.74	5132.896796	
341.85	5154.920185	
341.96	5176.321257	
342.06	5195.079216	
342.17	5217.916804	
342.28	5242.705549	
342.38	5264.752613	
342.49	5288.071648	
342.6	5312.231936	
342.7	5336.244427	
342.81	5360.070399	
342.92	5382.66838	
343.02	5407.55503	
343.13	5430.105773	
343.24	5453.12116	
343.34	5473.597303	
343.45	5496.594498	
343.56	5518.398345	
343.66	5534.896627	
343.77	5557.253022	
343.88	5578.769449	
343.98	5595.971807	
344.09	5616.083527	
344.2	5635.448839	
344.3	5654.283476	
344.41	5673.803961	
344.51	5692.781551	
344.62	5713.955982	
344.73	5733.040587	
344.83	5750.857658	
344.94	5771.307752	
345.05	5793.161366	
345.15	5810.851936	
345.26	5829.058839	
345.37	5847.426039	
345.47	5863.620849	
345.58	5882.688408	
345.69	5900.535109	
345.79	5915.78295	
345.9	5931.878088	
346.0	5945.193479	
346.11	5961.535072	
346.22	5976.508851	
346.32	5991.522432	
346.43	6002.143384	
346.54	6012.693377	
346.64	6022.045101	
346.75	6032.385103	
346.85	6039.707017	
346.96	6048.857748	
347.07	6054.83838	
347.17	6060.852075	
347.28	6066.977061	
347.39	6076.452584	
347.49	6085.049715	
347.6	6094.901909	
347.7	6104.100257	
347.81	6114.080859	
347.92	6123.455998	
348.02	6133.880556	
348.13	6145.978964	
348.23	6156.625366	
348.34	6169.836333	
348.45	6183.791753	
348.55	6195.462081	
348.66	6209.013524	
348.77	6224.707821	
348.87	6237.405224	
348.98	6251.999368	
349.08	6263.767779	
349.19	6276.505374	
349.3	6287.357914	
349.4	6298.880603	
349.51	6310.042076	
349.61	6318.832865	
349.72	6328.054772	
349.83	6337.153973	
349.93	6345.42433	
350.04	6354.172333	
350.14	6362.685156	
350.25	6371.078915	
350.36	6377.046195	
350.46	6383.929045	
350.57	6392.222466	
350.67	6397.301799	
350.78	6404.246535	
350.89	6408.025782	
350.99	6412.07742	
351.1	6414.458109	
351.2	6418.376863	
351.31	6418.907238	
351.42	6418.0726	
351.52	6416.66436	
351.63	6416.495681	
351.73	6416.113929	
351.84	6417.206281	
351.94	6417.537974	
352.05	6416.563743	
352.16	6415.504888	
352.26	6416.897321	
352.37	6419.118216	
352.47	6419.135076	
352.58	6420.821758	
352.69	6422.520058	
352.79	6424.587445	
352.9	6426.549197	
353.0	6431.289052	
353.11	6435.225394	
353.21	6439.260356	
353.32	6441.324962	
353.43	6445.978352	
353.53	6447.685506	
353.64	6448.945359	
353.74	6448.616032	
353.85	6446.940379	
353.95	6444.705826	
354.06	6440.442774	
354.17	6432.08491	
354.27	6425.387918	
354.38	6416.353293	
354.48	6407.938138	
354.59	6396.911959	
354.69	6386.145355	
354.8	6374.806003	
354.91	6362.717622	
355.01	6352.662082	
355.12	6343.789689	
355.22	6336.713123	
355.33	6328.587782	
355.43	6322.000944	
355.54	6315.461679	
355.64	6312.490251	
355.75	6308.532848	
355.86	6305.897967	
355.96	6303.145776	
356.07	6301.12567	
356.17	6300.339269	
356.28	6298.285368	
356.38	6298.165077	
356.49	6297.009437	
356.59	6294.022557	
356.7	6291.445555	
356.81	6285.809519	
356.91	6281.066856	
357.02	6274.870723	
357.12	6266.621059	
357.23	6258.288002	
357.33	6246.893941	
357.44	6232.900117	
357.54	6221.823066	
357.65	6209.158063	
357.75	6199.041963	
357.86	6187.358946	
357.96	6177.237539	
358.07	6165.422405	
358.18	6156.175981	
358.28	6149.712347	
358.39	6144.30488	
358.49	6136.328887	
358.6	6127.08339	
358.7	6118.267285	
358.81	6108.570654	
358.91	6098.521187	
359.02	6088.010969	
359.12	6073.761236	
359.23	6057.7474	
359.33	6041.821121	
359.44	6025.487695	
359.54	6010.444361	
359.65	5992.364696	
359.75	5977.341494	
359.86	5959.191843	
359.97	5940.447402	
360.07	5926.095571	
360.18	5910.604584	
360.28	5897.463856	
360.39	5882.202552	
360.49	5869.738519	
360.6	5854.8719	
360.7	5838.560371	
360.81	5823.351142	
360.91	5809.385801	
361.02	5795.303549	
361.12	5780.60771	
361.23	5763.868459	
361.33	5748.608358	
361.44	5731.063217	
361.54	5718.755791	
361.65	5706.301344	
361.75	5695.165537	
361.86	5684.25769	
361.96	5673.732852	
362.07	5663.93579	
362.17	5655.543144	
362.28	5647.662329	
362.38	5640.150952	
362.49	5627.291825	
362.59	5614.681131	
362.7	5594.075917	
362.8	5568.520128	
362.91	5533.439194	
363.01	5495.975122	
363.12	5444.631992	
363.22	5397.300951	
363.33	5347.244646	
363.43	5313.940638	
363.54	5294.719511	
363.64	5301.760121	
363.75	5343.098861	
363.85	5417.461332	
363.96	5544.285392	
364.06	5711.46527	
364.17	5946.633959	
364.27	6198.392957	
364.38	6482.517055	
364.48	6728.942408	
364.59	6975.958028	
364.69	7175.352587	
364.8	7366.540754	
364.9	7506.217857	
365.01	7589.609384	
365.11	7578.571532	
365.22	7469.160698	
365.32	7317.860481	
365.43	7115.748616	
365.53	6914.356858	
365.63	6689.106655	
365.74	6406.049033	
365.84	6132.946411	
365.95	5846.029826	
366.05	5621.576797	
366.16	5432.652038	
366.26	5297.826775	
366.37	5182.66597	
366.47	5095.288479	
366.58	5020.784356	
366.68	4972.029977	
366.79	4932.959506	
366.89	4902.343384	
367	4869.033443	
367.1	4830.851922	
367.21	4783.950005	
367.31	4734.636157	
367.41	4687.741629	
367.52	4639.157559	
367.62	4594.482263	
367.73	4548.258749	
367.83	4507.970462	
367.94	4466.514985	
368.04	4432.492223	
368.15	4398.090848	
368.25	4370.711145	
368.36	4344.181379	
368.46	4323.843528	
368.56	4306.137267	
368.67	4285.516108	
368.77	4269.938888	
368.88	4251.475585	
368.98	4235.083119	
369.09	4215.78637	
369.19	4198.452694	
369.3	4179.083378	
369.4	4158.057608	
369.51	4135.743502	
369.61	4115.797891	
369.71	4095.903021	
369.82	4072.927149	
369.92	4052.374804	
370.03	4031.658809	
370.13	4011.693886	
370.24	3989.652322	
370.34	3971.88667	
370.45	3949.886748	
370.55	3930.660829	
370.65	3910.199683	
370.76	3887.535545	
370.86	3865.916476	
370.97	3840.896838	
371.07	3818.80997	
371.18	3793.573164	
371.28	3770.235939	
371.38	3746.150042	
371.49	3720.332894	
371.59	3697.276677	
371.7	3672.72727	
371.8	3651.3837	
371.91	3627.504023	
372.01	3606.252097	
372.11	3585.206651	
372.22	3561.392765	
372.32	3542.467816	
372.43	3522.874403	
372.53	3504.003074	
372.64	3483.863389	
372.74	3464.978662	
372.84	3446.030447	
372.95	3425.539353	
373.05	3407.821155	
373.16	3387.853789	
373.26	3370.691479	
373.36	3351.129372	
373.47	3330.423335	
373.57	3311.695066	
373.68	3292.173628	
373.78	3273.458279	
373.88	3255.778502	
373.99	3235.445433	
374.09	3216.865878	
374.2	3195.22621	
374.3	3175.352122	
374.41	3153.406775	
374.51	3131.389078	
374.61	3110.382154	
374.72	3088.029389	
374.82	3065.985994	
374.93	3040.768359	
375.03	3019.352996	
375.13	2997.058077	
375.24	2972.582526	
375.34	2950.077862	
375.45	2926.814169	
375.55	2906.379358	
375.65	2885.798387	
375.76	2863.804192	
375.86	2844.663349	
375.97	2822.255261	
376.07	2804.211933	
376.17	2787.860866	
376.28	2771.062423	
376.38	2755.115369	
376.48	2738.537334	
376.59	2722.071193	
376.69	2707.283882	
376.8	2689.829246	
376.9	2675.625328	
377.0	2659.358465	
377.11	2641.114162	
377.21	2623.313181	
377.32	2603.978648	
377.42	2585.774732	
377.52	2566.641824	
377.63	2545.371333	
377.73	2527.948907	
377.83	2509.181054	
377.94	2487.542395	
378.04	2466.392239	
378.15	2443.555125	
378.25	2423.37061	
378.35	2402.104609	
378.46	2378.279517	
378.56	2358.249815	
378.66	2337.541998	
378.77	2315.201479	
378.87	2295.970042	
378.98	2276.439697	
379.08	2260.342907	
379.18	2245.094052	
379.29	2229.572615	
379.39	2216.20175	
379.49	2202.581304	
379.6	2186.62952	
379.7	2173.592219	
379.81	2159.487808	
379.91	2146.36012	
380.01	2131.337759	
380.12	2114.07063	
380.22	2099.777935	
380.32	2085.095237	
380.43	2068.173997	
380.53	2053.572224	
380.63	2038.982834	
380.74	2022.535274	
380.84	2008.608089	
380.94	1995.645061	
381.05	1980.914225	
381.15	1967.868491	
381.26	1954.232863	
381.36	1942.341823	
381.46	1930.334592	
381.57	1916.029123	
381.67	1903.769247	
381.77	1891.074281	
381.88	1875.856961	
381.98	1863.012936	
382.08	1847.917087	
382.19	1830.356669	
382.29	1813.67087	
382.39	1798.001444	
382.5	1779.509266	
382.6	1763.000977	
382.7	1746.042984	
382.81	1728.970188	
382.91	1713.773626	
383.01	1700.245448	
383.12	1685.895452	
383.22	1673.684611	
383.32	1661.480335	
383.43	1649.353734	
383.53	1638.823614	
383.63	1627.864558	
383.74	1616.769318	
383.84	1606.198357	
383.94	1594.339792	
384.05	1581.018045	
384.15	1569.827712	
384.25	1558.076666	
384.36	1545.120881	
384.46	1532.94004	
384.56	1521.193136	
384.67	1506.789931	
384.77	1493.280878	
384.87	1481.433739	
384.98	1469.975206	
385.08	1458.138143	
385.18	1446.96627	
385.29	1435.180143	
385.39	1423.657224	
385.49	1413.412799	
385.6	1402.41514	
385.7	1393.100211	
385.8	1383.31915	
385.9	1372.242322	
386.01	1361.068609	
386.11	1350.694719	
386.21	1340.365509	
386.32	1330.287169	
386.42	1320.733769	
386.52	1310.564952	
386.63	1299.988102	
386.73	1289.752369	
386.83	1279.623451	
386.94	1267.938968	
387.04	1257.214395	
387.14	1246.545156	
387.24	1235.534939	
387.35	1223.458016	
387.45	1212.207178	
387.55	1200.431641	
387.66	1186.739078	
387.76	1174.632095	
387.86	1163.060281	
387.97	1150.138092	
388.07	1137.170861	
388.17	1124.798553	
388.27	1112.363736	
388.38	1099.326422	
388.48	1089.150497	
388.58	1079.098904	
388.69	1068.632471	
388.79	1059.304058	
388.89	1051.030367	
388.99	1043.817689	
389.1	1036.061927	
389.2	1030.175265	
389.3	1024.779855	
389.41	1018.211916	
389.51	1013.889701	
389.61	1009.185498	
389.71	1004.36782	
389.82	998.4342162	
389.92	993.7728724	
390.02	987.8357498	
390.13	980.3122262	
390.23	973.0859388	
390.33	965.4249914	
390.43	956.8744325	
390.54	947.8352055	
390.64	939.7254633	
390.74	932.5116117	
390.85	922.3672473	
390.95	914.6286303	
391.05	907.1079177	
391.15	899.5664001	
391.26	891.2626855	
391.36	884.1145266	
391.46	875.5167923	
391.56	866.562978	
391.67	855.6476038	
391.77	846.9033402	
391.87	837.3809211	
391.97	828.2675213	
392.08	816.9405352	
392.18	806.3741493	
392.28	794.5204403	
392.39	782.1792168	
392.49	772.1795983	
392.59	762.5749578	
392.69	752.4684531	
392.8	742.5549328	
392.9	733.0121838	
393.0	725.6070635	
393.1	719.0994464	
393.21	714.0672865	
393.31	710.3147204	
393.41	706.6331153	
393.51	702.7800434	
393.62	698.7367493	
393.72	694.5073361	
393.82	691.3326704	
393.92	687.1117137	
394.03	682.0317934	
394.13	676.1731069	
394.23	669.782783	
394.33	663.3566121	
394.44	655.8667937	
394.54	649.5178954	
394.64	643.1948454	
394.74	636.4466513	
394.85	629.853491	
394.95	623.0069165	
395.05	617.1928017	
395.15	612.3347008	
395.25	607.2404881	
395.36	602.0185468	
395.46	597.5775953	
395.56	593.8581419	
395.66	588.9378191	
395.77	583.5340554	
395.87	579.8550998	
395.97	577.0161644	
396.07	572.3631932	
396.18	567.531573	
396.28	563.085186	
396.38	558.5546201	
396.48	554.5293208	
396.59	550.6632074	
396.69	546.5444562	
396.79	542.4307861	
396.89	536.9824756	
396.99	531.8230429	
397.1	526.9067871	
397.2	523.0842776	
397.3	518.5553623	
397.4	513.1401834	
397.51	507.5792561	
397.61	502.7524999	
397.71	496.5693127	
397.81	492.1415051	
397.91	488.1728401	
398.02	482.1685899	
398.12	477.1834633	
398.22	481.2512127	
398.32	475.6692356	
398.42	469.3170937	
398.53	462.7423928	
398.63	457.9968862	
398.73	451.640091	
398.83	445.7397646	
398.93	439.9574565	
399.04	434.1496298	
399.14	428.8650021	
399.24	424.6607409	
399.34	420.4811157	
399.45	415.9045773	
399.55	412.2832504	
399.65	408.9226264	
399.75	406.2321581	
399.85	403.6541837	
399.96	400.6214068	
400.06	397.9819468	
